10062
15651
1271
14355
7220

4878
1754
8466
4741
2582
3003
5327
3172
1327
6310

22413
4145
22294

23108
30453

2084
3496
4800
1388
8728
6380
6397
2558
2120
6159

25265
20200
2083

7424
5830
2575
2825
2234
6106
5505
2847
2059
7145
7223

58621

2926
9188
7432
1639
7420
1161
5517
2703
5446

2457
5814
1294
3280
8531
8214
4736
1964
1155
2380

2812
1827
5533
1756
1491
4127
6452
5935
1415
6221
3489
2681
4849
5250

2922
10365
5819
10227
2962
2702

2982
9254
14137
5026
9374

5933
2888
2250
4514
1825
5616
3497
2988
1181
3836
1032
5847
5383